70
56
44
53
9
8714
74
2401
7
9
72
810
4
1
70
9047
82
7
0
5
15
96
80
10
263
62
36
8736
81
43
923
54
5
0
9441
79
1
10
66
21
41
2721
72
397
0
137
7
8
8434
55
94
830
8931
971
29
722
5163
9417
356
72
731
46
52
909
10
9
10
965
5
1
54
54
96
43
90
1000
76
92
25
91
2642
99
4
4
4382
19
4161
8
8
1
142
203
53
97
39
27
10
72
55
404
32
893
292
29
1430
1
769
9
3
6919
2
1
61
55
825
1767
9
67
53
3
4600
88
100
90
7
41
445
927
227
6155
90
1
9015
6553
5467
9786
91
2353
9
415
772
820
7508
26
7945
986
25
16
8
7894
440
7
2018
4955
608
57
668
92
62
29
8411
33
71
4698
6375
8
7359
5435
7
974
84
200
495
375
6635
574
371
1
2
5589
480
5699
9837
6
3948
2
7799
692
87
7839
917
2
7873
4306
91
5394
8
0
858
2644
36
6862
749
9
87
375
1959
76
78
53
54
27
17
8
3469
336
605
0
815
10
63
633
8
209
26
27
3372
10
3082
50
4
917
94
14
3
339
91
991
9
9341
4949
1
7219
9845
10
5902
7
55
8791
33
2
634
7
8
99
7
2
3
491
9096
7
3
9
9052
484
694
552
7
35
8
10
8144
58
5
50
8
82
6517
1
56
204
99
433
2
40
15
3186
5
8
46
8049
496
8033
93
62
72
87
1713
5731
86
344
7997
880
2
6589
71
747
7578
410
446
2
8
63
6503
63
30
6
6
9
451
9
10
564
0
51
50
125
8
8
807
3933
6
8
1180
34
860
297
661
1
9528
35
425
991
972
93
2345
94
10
388
671
8447
7647
8432
858
3332
89
31
3968
6891
54
645
73
393
597
786
6
9
591
0
895
72
82
69
1725
89
6
13
699
90
2967
780
190
14
74
65
563
626
98
84
7
791
3247
2481
3634
69
2
6
6861
40
8
30
8512
944
6
4472
28
105
269
34
146
17
606
3
34
140
6446
9
685
408
20
507
36
336
594
52
6
0
74
5988
82
9
951
1
9
6330
4
10
24
4733
87
6547
4
1
738
15
979
541
3172
36
8468
24
4006
59
68
9
27
82
0
42
37
6
486
3129
1
3942
9183
565
3309
54
10
17
20
7337
225
54
18
50
718
6825
10
3470
990
0
8
50
9688
8
69
7
10
2943
2953
6
14
9452
57
7
495
1702
1550
795
383
27
6
307
14
10
5665
205
5053
3231
70
9
8
497
1023
8765
760
9
6503
57
7559
7
4
731
641
22
6
2
92
4
72
9
228
2602
2
2864
411
4
48
6688
933
12
54
6
848
3004
7
1
533
664
97
0
4
44
313
10
158
946
70
3
53
45
1430
10
118
1503
8702
625
16
33
275
58
8486
55
5903
422
4
333
2
2257
0
66
602
2214
7
9583
5
631
3726
6693
322
53
12
1524
8318
76
2882
32
80
826
3
8
7215
170
3126
58
995
1
6773
932
14
2
1
169
7
355
9
9215
32
43
1643
520
61
7
9019
17
85
8
5246
3886
911
767
9
45
52
27
4837
95
51
66
689
3019
295
506
7
31
4894
10
944
11
10
3
2
272
806
462
5058
3
315
1
94
325
0
84
3914
95
6827
2
789
8381
819
10
569
169
518
54
27
32
2424
1
97
24
1
6363
66
4153
10
9
840
90
344
9
66
19
655
591
64
94
1
5738
143
5284
6063
770
77
6
6992
85
81
9
417
7181
843
7010
5071
7430
856
0
69
14
825
6
87
8
2
870
8173
9
83
72
63
91
11
35
9
88
6502
0
40
9
732
6
366
9
28
0
937
10
3860
20
58
9332
39
230
10
6
17
593
4645
195
0
7326
5842
96
579
8868
28
25
304
958
41
9
6
628
5530
625
18
5
29
72
7648
94
1
1
2766
6398
47
2770
6
229
8
47
65
2307
2121
80
13
11
5814
5
97
82
10
133
400
910
618
71
413
113
8
40
236
0
7531
945
25
6341
185
2
749
99
6
9931
865
659
876
763
7493
21
8
5166
5
86
4
205
41
4062
82
966
53
4
746
139
94
53
26
10
7942
5600
763
7379
1937
3
2718
102
42
23
6
30
4
4
7928
81
98
76
423
760
887
4980
4276
7
47
385
60
94
96
9
1028
9
8
5888
86
77
224
902
7
1
421
737
3371
84
7
738
21
4
714
1328
93
84
374
36
8
2496
3988
245
10
2
5745
58
49
5482
49
2
92
14
351
78
7
392
7774
1559
0
9937
9
296
8581
825
9093
56
8967
9
2733
989
2657
9978
6
95
13
4796
6
44
25
4
6728
12
296
2193
72
68
89
63
100
5
0
626
96
271
82
84
0
1
7600
2
7215
874
4
1181
2776
8
4
4
95
1
4285
4
258
5126
8987
300
5133
616
6603
5098
10
496
2
10
16
32
1063
0
32
31
236
5607
53
5850
10
274
74
7069
3
868
5723
4419
81
6
542
6270
747
3394
536
5
138
9
86
420
850
64
0
328
198
35
4
14
7
62
3
56
95
6856
243
9741
7630
4309
10
34
470
1051
681
5908
8561
209
36
9986
34
9
0
33
7980
893
8
332
89
4389
980
13
592
8
65
1
3699
743
7596
51
391
3079
5
4179
3
6
9
970
3453
1
86
822
5
180
9696
73
30
6
3
4585
20
71
40
71
932
42
1393
4
9344
10
4
10
73
502
813
588
700
70
7
1
8377
300
104
4637
6696
5
0
97
17
3769
319
704
9398
34
0
541
2
9
7
81
987
4
724
536
2
1734
7405
1476
78
73
92
10
4011
124
3
6
340
15
66
7
2499
0
429
6
8
9610
98
191
5086
178
3
13
440
98
52
48
9
6143
2014
694
3
402
767
946
3
9958
53
57
172
9
24
21
30
6
39
25
8
96
0
643
67
896
10
27
1255
578
179
414
462
245
1
78
327
568
47
8437
10
4516
4247
1
0
37
9
116
91
239
29
32
3
9
94
79
3
9795
4870
3
4992
7
93
87
15
4
2769
621
0
928
7
171
296
88
6350
36
63
4551
6581
0
648
962
3
6
2
4785
57
9865
86
9000
498
107
3
3653
4778
45
201
16
5966
4809
38
6330
6
245
514
949
2475
7
5659
12
7855
7783
2552
7099
4
25
871
6587
29
6408
110
1
6
27
10
3577
26
329
73
952
945
38
1
204
11
5
61
873
4209
17
91
69
8136
90
10
2840
3835
87
3994
2184
4
994
8
2
6
35
69
40
5441
1835
9292
0
4245
12
4879
785
1103
34
49
75
4820
304
2
8
23
7459
9
1
366
8362
2890
33
8
25
181
6
540
4
79
1
7
1000
1660
1584
0
87
41
5
84
1342
7776
4
51
4310
151
513
129
210
2968
6055
975
5343
241
73
7081
8776
63
365
330
89
85
37
3
7
10
5441
2112
8
76
9
7960
756
72
279
10
3
9905
330
738
82
9
696
3658
101
5
5258
4
92
7
528
65
45
80
19
81
62
3291
4
576
5840
5392
92
360
551
6337
97
374
4187
35
6241
1881
253
5907
8
40
0
0
9794
120
1
5
9693
2077
4260
8802
1
33
3
733
5576
9
4470
821
5328
100
35
7
2958
43
7
92
8605
4
5225
7470
9369
9
3
1578
76
10
9950
9431
3140
6363
51
9
5
9764
683
40
9699
10
28
8413
50
7
3086
70
604
7362
452
9222
3
10
8294
2
101
25
8724
585
81
75
9341
2064
8
7304
6809
10
10
34
15
7
13
7336
938
2
3
80
7526
1660
0
892
72
3982
29
45
57
10
300
889
4
4
5
1858
71
1714
68
4
6
10
3883
745
900
9180
5
7226
26
78
9237
7644
229
189
36
8702
7
6011
5
3
0
498
27
1
600
158
1682
4419
442
19
8972
803
3834
217
75
65
0
3
2
768
8
19
513
514
19
5
46
522
1396
55
0
0
955
945
10
4
358
74
95
10
10
983
0
48
721
520
59
3
916
8807
7632
8844
58
6371
5
506
221
0
58
855
8492
795
184
2066
472
409
45
387
10
85
77
239
29
7
5
70
9508
59
1139
52
3
4
52
24
9430
7
895
741
144
1
55
9519
5670
61
26
738
58
170
10
2
983
8540
10
83
1
339
4742
4
5
30
3
7
2
2
98
4
1
512
4033
69
26
57
8691
158
1819
1
81
3
50
93
3785
0
147
159
400
1
6
8
2
65
82
553
5715
9
6296
759
526
58
3093
79
313
56
83
550
662
81
823
4
385
39
1270
412
54
746
9
3
58
6
48
685
5
4465
5
9133
46
7978
451
26
855
8489
563
76
2279
10
168
62
2
4924
2918
7
633
4
398
0
40
2049
671
398
389
439
1127
1
2539
12
311
473
6886
116
7950
2
35
34
916
7
7155
19
236
7957
10
10
7
68
931
908
5
69
2
2
796
3443
1
327
2
67
185
796
393
495
788
48
46
430
5
7
7448
4
6545
8834
891
25
2
7697
8
90
7
949
3
64
2673
82
61
76
10
12
10
2852
236
4487
41
253
233
5
16
4
468
9978
83
7
3
213
3731
0
674
3799
91
43
87
709
2
2844
273
223
0
1
64
609
81
6845
9
74
3578
4
8
47
108
842
8
62
20
4120
1
164
0
2045
53
181
220
2
496
9
75
12
9
0
6097
77
934
2332
481
70
23
97
4683
8
0
13
903
72
10
6380
8363
3802
944
2
8012
231
711
7
216
2
1768
2
1
851
2392
5
551
44
3123
5
4
330
60
226
3
9
4164
682
933
5
91
863
4
9
594
362
1
4862
10
7313
722
7
1
88
0
1
102
261
59
28
91
9
27
7972
94
7
7
615
9324
2224
2
735
5420
687
466
8
26
6210
6
7514
707
936
28
315
3
5362
48
1
229
4
43
6731
11
2
46
8081
75
655
60
954
10
5
414
42
39
6
5092
7
827
47
88
408
74
5
8010
9
3907
10
40
75
4540
7
16
5100
86
9003
6
1815
405
8
64
3
5
302
85
9526
9
3429
5393
398
3108
10
83
83
979
7
491
32
6
10
7
3285
9
0
297
75
111
6732
4
5
971
820
4631
8333
88
781
2
227
9410
8215
5950
890
48
69
3920
65
3387
3028
606
7969
7
8427
3347
4664
5836
9
8
421
738
2
10
4375
38
50
3774
5
4
8
799
7218
195
10
87
3045
6
5
1
9
95
7
6
4
66
738
100
87
17
939
307
822
7451
582
12
3289
4
71
36
8
159
551
8
9
4
453
1548
5
551
414
636
209
7318
4
4709
9
210
648
5
231
1
71
9170
74
368
7544
129
43
4
5
59
66
382
24
60
2
90
7763
7
8558
102
1263
76
744
3425
97
4
9
1723
6672
84
68
92
9
10
74
9
10
38
99
7926
7
9
2968
61
7753
64
100
8
936
85
12
7691
3521
382
2
5
9265
25
0
6
3
833
191
24
2
76
85
1
803
12
6893
27
8506
797
478
25
6
2345
76
3928
764
3
43
299
60
19
2
92
116
3
96
6
5
4
955
217
9426
6266
43
765
53
3
884
0
8812
9
138
409
8507
0
21
549
4
67
88
2882
6
74
735
10
1242
38
9
10
64
7771
623
60
5354
62
4
30
332
2
8041
4
868
68
342
53
1
994
50
859
2993
73
417
690
11
3
42
0
6
1690
266
8
1257
7
66
132
93
2
33
4147
10
4898
6
74
8623
356
284
96
1
113
80
50
91
2944
39
22
32
356
10
40
0
72
299
9958
1
7
4103
1
10
4
6857
7
4
9
27
4
7
6368
4978
93
513
10
8
35
74
9
11
834
8715
726
3558
577
63
686
466
6
741
5411
85
10
1704
8
29
98
596
3
28
541
105
13
2
1
9919
573
7570
226
2757
327
6
3
796
7
814
9
572
7
13
4
55
3
7
73
5
752
128
4
1
42
843
4
7
793
790
92
86
2
1
61
902
81
4
1
16
4
5
71
9
2
2
58
13
5
4912
2618
266
2
340
94
27
9539
70
5
39
59
38
7834
7
0
941
7
4
67
2798
893
404
782
312
700
816
7433
89
9242
78
10
9
949
75
27
26
6
9450
68
5205
176
768
72
6637
1
3901
15
226
84
84
642
4441
5
352
623
825
644
7
7734
9
8782
97
6
6
65
6303
9056
5249
192
415
7132
4
295
53
5
273
212
49
5
8
70
6
243
394
45
1895
7
4
12
254
922
25
410
520
1
65
77
848
73
91
10
7989
31
368
559
691
100
657
181
8
6155
2804
456
797
71
903
9
6
1
3219
86
0
542
97
3259
3359
854
2
356
779
3111
3277
12
89
6
17
7362
4
27
3465
10
3
224
158
52
1
3075
1064
10
382
470
94
9
6
79
8722
27
6341
1737
1637
7
9222
4899
34
949
65
25
1680
190
6203
9
2649
5
10
0
979
637
6418
8
4492
3381
3236
4110
53
9
8
6
61
360
5491
7831
5359
248
2
1673
5
9
8046
949
0
64
39
2
59
732
3600
7631
9
4
945
1
3
1
990
84
244
9960
955
42
28
8190
696
5699
787
6
4
4
17
7907
5
6
732
1
8220
3
20
374
0
2328
8
65
4645
414
0
2
36
4730
65
4
74
4626
9575
7
5106
3
10
14
771
72
4
882
2
4
803
10
549
8
5320
28
69
6629
5
7635
8
1
6062
68
849
3439
5
226
692
6
24
409
370
1293
0
49
54
4
2286
3971
8555
89
5
46
932
173
9426
10
10
2405
9
5190
58
721
6213
2523
944
952
22
9
720
8
17
31
7
99
345
26
1
78
2110
204
89
820
0
86
8
6468
73
1279
6
5
1
67
11
54
3280
3
87
3
424
65
68
917
10
1254
7
19
100
12
4162
42
44
1
3187
0
855
3711
91
34
0
4618
6398
69
94
1
91
924
7411
34
105
96
189
768
9133
127
369
550
5201
0
1341
883
807
4
8
502
6
1
3399
4
32
863
600
1
43
6838
249
8416
9
10
661
5
98
4
390
10
1437
395
59
1650
2822
7330
11
13
887
4305
4
13
60
33
965
141
34
1
7
505
9
440
584
38
973
8214
290
714
86
3
2
8509
10
0
10
81
9
5480
110
5199
2857
3
1
5471
25
255
655
69
10
6
8
9
524
73
123
116
7575
8
9339
90
55
2
19
593
3
1002
4202
5
846
10
1
57
72
0
985
8601
7
9
3
8
56
52
100
6762
7973
8
5683
4040
180
641
29
470
9
6
10
50
634
926
66
22
3
692
9
524
1809
5662
474
91
9
8605
29
189
8232
95
6
0
10
11
7
2465
5643
8770
415
608
630
2
45
4
5227
5718
9
10
81
4716
9649
7
80
6002
321
107
6
869
45
1023
9
2521
674
97
71
8
3
5104
99
0
727
8748
727
9083
371
87
522
3912
575
54
3
8283
773
6187
8
6392
275
445
100
6
75
0
60
262
797
5091
23
122
87
3731
340
1677
784
261
2
7029
7
872
2
3
8946
298
10
5
4016
872
9
1
65
3
25
0
2283
63
5673
8197
6318
2560
954
7702
6
59
903
286
88
679
803
57
290
3
4
7950
6
3642
6600
798
25
66
9
636
76
7292
56
3
597
1
609
2
8429
4
93
1
43
40
8
512
3
5824
2960
10
0
1
38
5261
68
696
369
693
76
7175
17
8
7519
5
3
2550
5
2
628
9
1920
29
4
4453
2
804
7186
740
81
81
2301
9
4623
58
6097
8212
992
1
8213
9
7502
3
925
10
9
235
4136
429
647
9682
8594
3480
764
0
0
86
195
52
24
687
36
76
26
928
2569
4206
20
4
9
0
154
5163
996
3
79
986
9
901
7
446
3
44
77
85
713
229
612
30
769
9
4
3
1158
8
2138
212
85
899
175
35
15
100
2067
8333
986
910
2266
264
4404
7
7674
1
35
4
38
3
63
398
9293
303
2
2
7971
6
3
7
433
2523
908
97
638
787
683
81
2
66
849
34
8
6
89
5
4517
890
9657
5
44
41
4218
8857
7991
2
7713
2
3443
6047
566
152
4074
82
42
392
1
42
19
2
652
8
445
0
4331
283
5
896
8590
438
788
638
9332
174
8
58
2536
61
73
650
677
197
852
9960
3111
37
8351
2
2310
7
6508
6
90
3117
5
7
387
2
73
7
1
1194
8
7
79
69
84
1
2559
607
16
7
4620
264
2
8
170
3
158
30
97
7
339
65
9
4
602
39
9
68
418
61
260
445
663
7408
7
3
34
443
2434
3893
312
3737
793
4469
9307
0
18
595
57
194
5
1531
8900
5
282
0
393
9
3
4534
4
516
9573
9
73
5457
8
165
30
9
2
77
72
5444
8
797
3273
207
527
10
2
7448
3
835
5
76
2
2
1
6021
485
3
6660
4
9642
10
612
7
383
8
7
591
4089
496
3
2
7339
2778
36
3677
6
488
8580
14
9
8
1069
929
258
7225
337
240
10
6
9499
7426
4
19
455
6774
3
340
93
5252
630
53
646
82
1873
8980
745
818
79
2099
2
3
822
9298
71
499
8
83
5458
9393
36
34
3
3
255
3072
2
6
212
5116
494
9586
416
628
17
4
9
74
3057
469
2
52
4802
31
725
2
1672
804
0
86
81
5213
72
6
6
96
9868
74
2659
352
188
8
67
373
19
8
319
779
2
5109
25
10
4752
43
89
126
5
1883
56
3352
36
8268
7002
5827
5517
2932
7
2
536
61
6
900
73
5807
1035
2
68
4966
715
7379
5
6
60
557
34
1
3
6
5
1
93
222
3842
86
1
43
14
486
68
658
239
11
5
6
2
47
1
53
4
2170
1978
800
8744
79
3552
79
71
9
14
0
242
88
2
301
613
407
34
514
69
663
4151
9408
73
8
88
7077
3
8389
2650
6994
8638
0
5
13
1
9
67
739
4212
8816
10
511
237
8
1429
169
7
606
35
235
976
551
5172
4
4705
831
83
722
8
5
6
9
0
2233
3
9
6
940
5
5
8
6
61
6960
18
83
8
9
77
613
42
528
79
3
917
98
45
7868
413
4008
4
6
2
2
10
987
10
57
100
3
7637
780
21
60
46
8
4
18
146
1133
2
9784
6
65
93
962
9210
38
89
24
10
81
2056
33
626
1
9
8809
2992
474
47
676
73
4396
2
43
6
1310
56
4
2224
8284
96
2
2
5
9
6
381
7729
9065
8263
4442
601
2
14
8640
6013
9402
6255
64
9
394
4
174
53
200
87
1397
150
8550
7372
1
2
955
3
555
6
1266
48
6
9
4445
35
963
1
7523
600
63
53
2363
3007
2
38
4
50
209
55
90
19
3
8
16
12
6206
2
41
546
3763
5
13
7
963
3
85
68
297
940
9
87
1186
378
875
78
4
81
1128
237
0
3326
39
13
773
9
589
845
374
1
868
1000
646
8159
11
4
5181
635
701
1
4214
8
4380
87
9556
46
33
45
6
6416
1513
321
5184
884
6
92
50
19
697
4
3678
1
14
2
4918
94
8984
10
2091
3
47
9296
9
100
56
691
9282
10
54
1
5522
8958
33
8374
265
9
490
911
175
75
977
392
5842
72
434
7
8
58
6188
382
44
6381
2
83
3639
56
100
91
32
1433
765
765
89
4
7
443
0
97
10
94
8
5
9
1550
7
10
2908
32
927
8244
89
122
15
533
321
85
255
880
38
76
38
3611
214
13
8827
9
465
5
299
802
213
17
8
811
690
6
24
320
28
8
40
4
3990
7
86
681
7
7581
288
667
8651
35
1
11
20
876
39
97
110
2
696
0
833
8
7
67
6389
52
178
59
0
137
1
150
652
1
10
265
8265
5
7721
33
3
3302
24
8
3091
47
5097
6650
3628
106
62
47
507
10
844
4
4383
372
767
3661
9969
246
10
88
5978
4
3742
10
6706
707
42
3424
123
8
6060
1961
6
7
55
6621
10
4
20
14
979
6
5800
165
2
6
24
800
38
1
7974
4573
5
73
1880
55
311
2
7
39
0
6
58
0
4
9623
952
71
687
5
16
4077
0
8981
47
9718
572
1164
59
4
2
249
996
130
63
2328
50
8
2
6989
538
9021
8
7997
99
4395
6993
5
7
1
90
450
990
9
53
309
643
45
4
204
9306
8963
65
45
94
62
87
4559
1
5
3
8276
3
70
133
9
3907
0
3624
83
1
100
898
7335
305
8
476
582
60
711
5
55
0
354
9
14
96
353
806
2650
243
5587
5
58
839
161
835
61
10
4
7
691
380
890
439
242
784
1532
281
4
7027
288
4443
8304
997
10
379
0
8433
8784
7426
9
0
81
8
51
1
6
1099
54
323
4457
9529
1
566
166
2945
1
1
5425
0
49
5010
6653
4
15
2822
4427
2364
733
9172
34
62
4
8
692
1
5
6820
37
3217
223
5
60
3046
6517
65
3959
9
54
2
0
84
1
74
4402
886
407
1
42
0
3
13
6720
6
9498
581
135
93
338
9665
49
0
1995
870
1
6
4
8
3
50
405
8289
7
26
3
6239
6
605
51
8
44
164
1
5
91
2116
11
8
6329
40
872
63
8937
9
144
40
543
8
15
628
3
434
0
9935
3
8
957
32
10
3
60
618
10
776
7
0
689
6096
71
38
501
10
451
1121
8846
1
36
90
3
91
372
1
6
5207
4929
10
22
6
5519
0
7
5106
4
0
7
2
1264
2980
6183
105
87
4640
9057
8340
2796
90
7623
972
81
256
6576
356
332
541
6437
111
995
8092
3404
9984
8885
518
4863
20
41
5288
37
678
2
126
67
0
425
714
7
3
2520
4
180
174
77
4
5
9177
6
4387
58
6
5100
7813
1184
291
3
792
0
536
7
290
509
6476
90
2846
81
845
0
3320
89
616
6432
642
3
6645
2843
685
7979
98
9892
2
5
51
9734
961
7180
95
392
5
7022
839
5
84
210
8
53
64
8
928
3264
21
7
9792
4237
6
10
2774
4382
155
1
9
1
5019
41
7
234
810
115
3963
441
9
33
6
21
4
8946
8635
298
44
854
288
9821
9095
2100
8
6
9
45
5652
77
545
6
9534
2
1898
10
7
71
30
5
60
612
1112
748
9
2157
517
405
16
37
9
34
327
7
0
966
843
419
10
587
33
583
856
9713
8242
568
90
70
2
7
4363
405
151
3704
4267
326
864
36
6887
41
6304
731
414
0
2573
8626
792
873
2780
6797
84
149
9560
52
312
7
30
86
6461
132
0
38
3
727
683
7
4020
486
6
131
331
1989
9
580
94
7
5393
17
2
5
684
7
2160
35
19
4
31
8895
8199
5986
4
2
109
954
843
75
6828
0
7
5731
6858
89
92
1668
2854
10
407
493
7
8
1378
7
54
75
4
98
4
5
80
7641
8059
132
8
10
5
0
7
865
695
15
8
1584
756
9116
1324
81
8
9314
6368
2803
7465
6331
4424
231
52
7
169
261
1667
487
42
6124
10
29
998
79
23
4078
67
96
69
6
46
6363
514
1
790
0
72
278
5593
6
248
6276
50
1007
49
136
13
74
2
6
31
0
20
74
4
443
574
220
1
72
5
969
2
42
3
2
513
4
415
18
748
10
456
21
9380
99
0
32
5078
913
769
7294
6
5750
85
8
697
8
9
77
8217
4
4985
8
7
94
749
91
1037
988
93
593
8
64
0
503
335
5
344
5
4
8185
25
2
87
2260
1
24
3
67
462
12
9
0
8637
9590
2221
408
3740
0
37
3
3
801
7
4
47
7541
995
326
86
10
9
8
3910
60
6796
94
195
4407
8
7
27
394
3
4859
6612
9
910
3
7475
3
22
10
24
181
7
82
5928
5243
591
2517
6
2371
535
8998
79
485
97
3280
10
79
7
2
73
908
66
5060
5
8
548
930
6
968
314
411
70
5
104
1
2546
239
64
954
3
9
3
268
369
37
3
153
2
2856
7
10
98
50
5
6
6675
416
74
337
4436
2033
70
10
608
8565
7961
44
54
3393
689
575
994
9
3
7
4
10
668
161
2
3884
126
9367
6
265
27
377
100
3753
10
3084
7343
37
10
181
0
9417
9949
3934
49
4
0
62
5
602
730
30
7
7047
3
965
4133
9428
2
9862
9
984
4333
371
2
2
4
3234
283
489
296
6
824
44
51
0
668
0
8
8430
50
903
815
5
277
4
4
503
749
3074
187
156
88
7
401
9
28
62
84
186
7
723
2
5217
412
663
8
7340
1425
14
9142
6
482
799
9
89
98
626
10
79
4
4800
2
341
10
4169
61
2
8702
25
3
83
78
4
4566
863
4650
0
3
9398
763
99
1949
269
836
60
78
752
6130
9468
220
971
9011
4
9
214
19
0
7
3666
396
5829
3
42
2
945
7251
9251
224
74
1791
34
381
57
1676
32
2
9
407
355
7
148
6171
153
47
1
1
0
9
2153
93
324
7083
379
7136
931
231
225
9
532
865
51
40
6814
4914
5001
1
606
665
2131
824
61
2
6
18
89
3937
2
669
3108
173
4477
61
6
82
35
7
6
3087
200
2
46
959
7
13
3
7773
380
5521
9
36
74
59
9109
9
621
88
1724
7
50
495
2747
0
3772
129
0
45
89
5
10
60
89
7
573
1362
46
9
6228
2
567
1
4
6325
4341
1
170
962
6
5
10
3
77
10
6
128
0
970
54
627
2
2
10
6
7
47
7
856
0
534
6
9337
1000
5
6
21
83
670
195
41
4
4
68
49
5937
708
6
5
6
3813
1972
755
16
43
9
8
987
8403
66
9
549
7
82
200
296
884
5
9
17
8
8
1463
29
27
7760
9
4
10
83
132
5763
69
590
3
4499
7573
95
887
323
5
398
17
88
4
31
783
3
8319
1
4
920
5444
174
690
4
38
9025
7
4969
96
4
12
7094
4
7083
4453
964
8
19
9
33
2868
3
827
69
9247
5827
5031
1
8508
992
89
412
1
298
66
1191
60
735
5205
79
9962
825
762
0
4
7
7442
3
1862
86
83
6
300
6685
774
2686
8
544
72
5148
5748
2739
82
1
527
385
858
48
882
69
624
5024
8072
0
6
345
8485
46
9976
1941
7
54
73
633
226
68
14
6
3093
2540
719
7841
2156
810
10
48
5
8714
0
5911
7
8
788
494
58
91
221
20
188
83
1742
17
7
81
40
10
11
5928
7521
868
5061
599
192
6806
8488
5
77
7466
3
5
3
3
888
0
10
92
307
9
28
70
0
4355
59
9
656
671
55
98
1
38
3
874
3
403
8656
6593
5492
187
828
321
4
766
36
37
3
8
4
6
1
8563
9
4
824
2431
9
92
604
569
7
20
498
3
8
2786
61
58
7062
9452
97
3
275
0
100
959
21
858
6726
4334
75
9
2998
896
5
77
798
880
4
163
614
2
5
192
6
169
6575
436
66
1919
7568
6
3
22
669
766
7
6799
8368
588
810
335
4878
812
91
1
669
82
5
187
49
607
73
5
60
4429
62
19
36
7
523
8
4
671
439
2207
70
3
4045
1
13
194
387
64
447
9845
36
80
5694
92
8442
73
7
89
2182
4042
171
517
22
5864
3
583
895
5631
39
3
621
38
541
2
8
6204
7
39
3
5
21
3124
40
1215
1
61
5
67
3061
3
1
1116
23
6
10
8397
8275
2
9277
9
3975
6422
5083
482
965
10
73
56
86
4
2
4083
246
329
976
15
57
97
45
0
609
8594
806
104
67
3
1833
70
6567
757
752
6792
2281
6037
79
100
10
9
219
198
64
5
677
2
715
65
71
9
333
65
1
10
3135
6
9
9
9204
6405
301
74
8469
2
2118
343
1210
28
39
6
271
3574
4193
555
2233
176
4
62
6
318
77
14
9358
4
91
182
5056
41
8876
25
562
9
46
654
569
2
64
46
2563
4096
6971
904
47
51
88
20
7762
4
651
7
8
60
781
240
7
1
5
188
52
324
3156
7
1
533
39
5906
915
22
877
54
32
953
980
69
67
91
432
404
34
48
137
428
9
70
7
44
7627
41
244
6
7
5536
0
4119
129
484
70
58
55
605
206
96
4149
4599
0
1
5
87
61
851
56
5500
9
1237
5
718
32
8798
700
6946
4173
3129
820
9
844
2714
1
28
9
638
59
1
88
353
8398
8359
2598
90
2884
669
1
1
4185
10
2
881
1
22
73
10
5
3
27
5165
665
888
2
5
26
6976
27
9
3343
4
5
9942
1
6
547
70
6
0
907
4
681
4405
0
7
277
94
45
5312
4432
8
25
8191
0
4582
314
782
80
7477
228
432
6791
8428
541
5
22
30
95
2530
492
3192
8
3168
5
213
9220
903
697
6159
5844
173
954
1
594
13
0
8
6
52
44
13
1763
1
7
532
567
5380
4
5700
9978
783
10
6977
381
8910
2
18
26
1148
49
47
89
3838
0
8
6027
3
592
71
6499
834
958
98
869
4
8360
8
8
1049
6
1
9434
1636
80
2
3387
86
997
23
97
7
68
93
9
92
66
56
8
83
2
57
628
2062
1
68
8
0
729
7399
10
59
9
90
353
926
7
6
8
4212
5
736
869
51
9
762
359
77
42
8
2976
55
764
10
867
4948
191
3295
8
4
8
50
3087
46
523
43
8568
5135
22
1
2
9
45
88
1
4
231
485
196
0
87
62
8179
1713
5714
451
8274
6156
2
815
1916
6
129
765
1506
5
211
5
9680
14
242
5
863
48
10
925
360
76
6495
13
236
72
643
38
12
613
0
3753
89
4031
4418
9
9
207
56
125
753
0
5
20
1635
10
9078
5271
0
7
9585
10
9
7196
160
669
3
0
155
607
43
10
157
6640
893
10
9
961
5605
694
4
913
4
67
5882
5
26
23
59
10
7
772
9
30
1
2980
42
1704
295
400
1395
927
22
96
220
9362
364
1
1
4141
444
302
8735
4961
138
907
1
2
68
0
8
34
2170
63
3753
155
39
9249
4
8087
10
5
6
25
258
0
3
66
5194
0
3734
1
377
646
6
957
19
844
386
4446
2
2
377
40
288
7213
875
7752
65
7978
645
307
8970
59
4
58
910
5
77
7990
9
683
643
3630
78
371
4159
6208
2132
58
1744
5901
3
4881
2
8
378
27
50
8
99
5441
2742
4381
8703
673
8034
449
0
7
0
383
783
7038
5
0
257
290
8197
3
675
24
23
1
8405
12
6
323
265
67
8
92
18
764
3
400
454
6464
10
9770
37
148
7
27
0
4766
8
735
821
359
614
66
2
60
51
68
2500
0
22
1875
5068
228
100
536
4898
243
8
11
6865
2286
5547
5601
18
694
809
5
746
354
798
414
255
19
9329
2
35
3
724
623
7285
90
61
7
535
93
8301
6
47
7353
7
5525
3113
6
423
735
10
54
7
47
18
61
48
1201
868
8
93
9619
59
581
27
1145
51
727
0
10
88
2131
533
5
5664
2544
981
667
35
6993
55
720
83
3
67
9
337
95
383
1
980
9670
84
7130
378
66
8
85
4
464
64
845
60
1
7
10
3
465
10
9
530
91
9937
1896
63
54
1218
44
3
83
3248
669
87
9876
6201
780
356
7371
1951
334
64
78
5
58
530
5500
7
93
609
5
2251
9
311
10
4040
2336
3
480
5
73
8
421
221
98
27
68
9335
8
425
400
702
5544
6
1
912
75
5
1
0
517
839
500
32
1
4
43
0
97
9560
82
770
6
6665
1
10
395
934
9
932
9
990
660
301
6983
4571
6
1
8
0
1432
259
341
46
332
13
4
8
68
2
29
77
6275
927
8118
1
10
73
6762
33
215
68
56
3414
235
5
990
62
2
20
8
7538
59
38
498
3
56
34
5
4503
706
474
6835
99
4
51
59
9259
582
85
4
9
540
10
2417
949
1
27
11
0
142
1
9
86
235
51
994
5
380
61
101
70
4651
10
3958
6835
45
5
1
10
9635
905
636
9167
85
420
9
763
8
80
9608
0
4
3594
38
86
413
1109
2
2355
9073
5
1
668
5
83
0
57
4
908
326
1
8
95
2305
9080
59
224
726
53
5385
5
390
75
2
871
136
5
75
84
202
437
3265
8
92
0
0
29
38
1
7
17
10
5510
9
9
22
10
84
2
8
78
44
8
743
65
628
7
545
7
3
52
981
93
80
59
213
66
3
40
796
8407
3
698
3376
7
3920
0
1027
41
6
26
1
760
8
5628
945
865
61
8
5
9
5
893
2
5
33
27
15
9587
40
992
8
3447
7420
2
996
113
151
6
25
8676
49
3169
1016
98
2
0
6
50
80
1
4
671
9
5
5566
29
2
7
1
751
98
6342
82
770
615
415
15
2954
659
4005
799
7
965
7738
29
7
642
85
1333
2
3555
99
5
47
29
53
2
6
383
3
8891
23
65
1
5
20
1
7
185
6587
94
8639
217
19
9392
812
3826
152
7220
550
8
71
20
2842
12
92
4
80
6037
52
3234
3545
1422
2
596
51
953
2
221
8
18
6
78
10
7705
10
9805
0
439
73
314
74
3
1832
8
233
7
0
585
83
16
9925
202
804
1761
3634
175
864
15
4
5
75
46
8
4
79
4639
4235
923
8
23
37
0
21
5
89
8
1877
7687
646
5
7037
3
8
19
96
6814
91
998
66
5
853
10
10
542
96
776
53
425
7121
34
69
41
6047
61
6233
3027
702
89
5889
685
200
838
8793
209
8541
486
2617
579
10
636
33
9964
2162
69
649
6
0
61
5
51
2
6
85
0
3425
90
590
7257
2856
315
8957
1170
2
95
7722
1
3239
19
77
260
10
82
454
6
8681
148
8839
296
5
385
2
4
83
217
2740
433
364
22
3
160
579
0
66
80
9933
46
81
8
8132
4445
3
7
88
93
24
52
9096
422
27
676
4
7717
5
239
7170
8
558
732
326
4007
72
651
4
9
4
9
1
88
4
74
4
4
1428
393
91
205
62
9166
798
8373
31
7
92
9
7895
1
63
1720
9
1753
4052
1803
656
6
745
980
2025
33
57
89
1368
41
29
2493
440
731
3243
98
18
411
47
81
42
6533
329
2091
2518
10
28
65
59
1747
707
96
6
1748
5172
560
6369
6
5
2
110
66
23
475
9123
6024
7407
62
64
10
948
42
767
95
7119
30
3
434
7900
3867
2
96
8497
79
73
5173
947
8
488
97
1061
6620
3
8
68
5006
1865
75
1
1
8
801
23
1
5
5
59
5
0
559
66
21
4052
978
9
1
4
659
622
78
300
926
0
2
8
4
2781
5
449
22
5
52
7
258
1296
10
6
412
381
777
814
2
27
28
4906
61
989
6
9636
6085
878
12
0
4
44
46
516
64
651
56
50
12
79
9
391
1876
9
6921
617
68
2
9303
2
4
90
4
96
8
8649
766
326
1380
4829
8331
6117
4928
2
9
461
1
94
39
9
1789
5
770
3
9
73
0
5
8518
38
8953
4675
9015
785
3
7998
4205
7
352
5
740
7719
5
8980
36
5444
2
6
9
1
31
4893
8530
8
46
909
7
2
3580
6
31
4308
97
601
6851
68
91
53
14
2
8
193
294
51
6458
21
148
4
25
39
202
473
1
65
0
3
3748
9950
294
969
70
856
10
278
76
571
5
58
88
9
10
2
634
5
36
12
994
25
21
322
28
7
678
4
233
83
400
5
4453
8
502
983
5
0
70
0
61
974
44
6
2949
10
7
3165
6
54
2813
20
6
10
5092
60
10
639
94
1824
100
1
2
51
522
2720
83
3
44
345
55
64
34
30
6
5
4189
6380
88
4
2708
7
39
0
8
14
14
6675
67
6709
7
493
969
50
1927
34
7108
1275
788
5
6
7285
86
8
708
589
7065
7036
939
101
828
57
20
6529
14
2
7
7
20
687
10
66
2
1359
57
627
958
436
5214
4
643
1142
401
1174
8615
3
710
50
35
4746
2601
8
8926
440
34
737
6
1401
472
8926
376
7339
6
155
75
2
30
7082
4
75
5
8053
9597
8355
3
6577
6
16
636
128
4178
8403
47
87
4563
6321
6
10
591
6494
9
962
87
75
2
10
6408
919
8888
11
683
2
0
4
5927
6
9
289
453
4983
6
650
5286
864
448
1
569
4453
7201
10
3
34
801
19
10
5514
5
4
302
621
6
6
2
5
9
7734
1465
26
6
50
10
28
968
5568
361
7
10
50
5452
47
717
0
69
748
2
8
9
10
4
540
695
709
10
3614
9125
46
5955
2
1
11
499
0
2
8771
1
5776
59
571
5209
7
91
25
89
56
3675
977
75
18
9
2
10
1421
87
263
6315
10
3
71
6596
0
951
0
80
6
6121
9740
7
648
27
5879
6
72
489
395
100
1226
88
0
4561
22
3
6
9448
8398
1
32
8
643
785
0
2675
269
9
6192
875
654
29
10
7
934
271
2695
571
456
182
58
274
5
1321
160
6591
586
1975
1
44
4132
70
4
41
302
2
7
581
9
42
485
3
63
5043
3385
557
549
561
53
77
475
175
750
7
590
0
37
6424
3512
196
30
86
259
39
59
9
0
98
10
0
89
76
24
2365
3
209
43
1
68
14
8994
6076
651
6
7851
1
1
4
970
8
5830
977
2321
3809
83
4
44
7854
4787
11
9
301
55
4
312
78
9318
40
8982
9
9
4806
2
51
8
9
65
44
92
2622
3
35
4724
3120
0
2895
63
10
972
7
92
8
8005
8
4193
86
3401
6271
500
513
0
8
7103
0
125
3
123
935
411
4026
2268
25
516
59
2
4
5
7703
7
6
529
22
592
701
178
594
27
4673
723
253
25
771
19
5258
150
91
8543
3877
256
697
362
5114
7
962
89
5
37
5
50
482
100
99
4
7
98
356
978
46
8899
66
6
1276
5045
4588
0
2977
504
719
27
0
2
872
595
289
6
859
230
872
220
408
0
97
8080
778
3
5
26
953
974
275
230
6
6724
952
909
75
853
6
722
26
3
5084
2
78
2
9
9
854
42
1
32
505
1280
8584
360
5
4
859
43
478
37
7226
3
200
3
100
72
7075
4031
44
10
755
5
0
2127
30
1
48
1006
2157
49
4
75
85
358
9356
7509
7088
5
1962
3
4
1894
2031
482
535
240
91
9217
7
68
982
6
1
28
10
80
1902
20
1533
597
364
10
727
8548
6146
4
53
10
3472
53
5
691
630
8306
2579
4319
15
8867
7557
889
7
4
71
9329
594
906
78
1
9
0
9473
8208
3
83
5588
904
50
690
395
4176
6079
876
41
9
8
1
7486
8857
57
59
11
5
8321
786
587
4817
7240
859
9
2657
42
3
92
9
5822
358
1341
88
33
1
727
27
48
728
8205
4473
265
9
58
78
682
496
0
3513
27
9490
80
7
63
3665
4
3478
9
374
4013
72
8973
486
102
9
62
84
2970
8537
6016
230
47
68
46
5799
1688
6384
878
863
63
388
885
51
2760
200
6326
933
5
315
6570
2643
63
6019
4
122
64
0
6
58
6640
1
1
5
130
10
58
40
9
3
7331
798
30
620
83
1760
2224
7
44
7
2018
9
3
9
524
100
375
6
552
9909
0
6212
27
42
301
9
3
3656
39
27
735
89
5959
52
2
339
7
46
390
4
3
41
1
2
11
611
7970
3329
360
3546
325
10
48
87
8
9819
49
2207
268
7956
828
35
303
2
4
6
27
6112
184
52
384
1
9011
6773
155
6
94
45
97
84
5
8752
7692
27
576
760
6250
4
4
55
1197
11
5
27
16
774
238
7
68
175
6
8832
78
52
607
8
7
41
0
715
4981
2992
270
52
8043
3599
825
38
6
9
0
3
75
2782
7358
8415
258
2
9
0
6939
170
6
9
875
40
4
77
878
2
495
2
12
453
32
174
1109
70
531
40
28
36
88
836
549
10
554
8211
46
1809
9611
16
172
280
313
9999
840
7305
269
32
1
556
14
101
9
61
689
9
670
4
699
7
63
1638
7777
860
675
44
39
180
80
0
11
4
5049
2
4
1
4
35
308
10
2
16
67
4954
9734
82
4
89
3555
6
9
4229
865
34
1526
2
1495
603
821
901
14
20
46
75
5
347
9307
2135
4291
46
605
328
9731
8
252
33
6
344
65
3758
379
4602
821
729
82
6738
10
269
5845
8
85
871
7717
2
4
0
3
441
128
4
9436
3250
9
26
807
51
71
4
36
1608
6
4312
253
135
600
555
44
866
7657
963
1
598
3
28
7327
7
723
10
329
2
2644
8043
9024
76
181
14
2539
56
149
375
4
84
95
92
3133
6
34
574
8198
8466
2208
4
177
61
3055
7264
6182
3413
835
2
461
813
3778
7
80
91
10
965
7792
705
79
9562
9
8
778
8431
1
3928
2663
6838
82
700
545
3994
550
6026
2
273
3
5615
85
6
3096
437
67
25
235
362
69
5
1748
2445
6
0
5175
3
769
545
3
49
10
605
8
5
4
25
49
3
6614
2
3246
3
4
11
3889
92
4860
736
235
0
459
90
8
94
8799
9773
8
55
3
7138
8
8060
98
714
2889
2
84
267
712
1730
8
75
54
65
727
2
534
463
6711
6
2
37
1314
4753
2056
5762
91
373
950
10
6
926
43
36
9601
87
8
0
28
30
4477
2
730
2
26
23
1
90
409
4276
83
5
1527
8
9
216
95
8986
74
117
47
0
68
357
3763
0
250
21
4746
3
1
33
65
3
211
34
70
5909
700
8559
102
446
36
9
3583
6142
706
8
61
77
173
2663
10
63
7
3221
3
749
8088
12
90
10
497
666
2501
74
2143
726
2844
2197
100
79
319
7
949
854
6678
10
427
16
12
373
850
124
844
919
10
67
1103
2666
9
411
340
0
6926
10
1
7
2155
9
936
2
6
1254
10
53
8928
270
8279
425
4245
8093
919
1
62
6
8320
5
1
297
5
97
39
0
3
238
258
2462
2148
314
7
235
0
0
671
53
827
8886
258
5943
2634
7950
953
46
4
304
73
5
3587
3
142
550
4533
540
971
5518
827
83
12
2
7
2
45
633
75
135
496
933
916
2
886
9247
9052
88
763
3
74
6
269
845
8
7107
578
6365
57
721
1491
23
0
1974
54
8
100
3178
72
29
128
9264
4249
536
7440
6
99
357
1411
130
699
961
6
78
97
81
336
10
346
3198
545
72
5363
590
595
9545
31
0
9
511
7942
68
85
19
3304
323
4
85
1878
717
3
6
9
1
242
7277
437
470
7
646
48
8796
866
6881
9965
7732
45
0
4982
224
744
85
6879
71
325
885
6735
3
248
53
936
43
2
4
684
4
986
9
74
6915
3
99
9947
1
42
453
29
8638
85
920
5
7003
2546
883
2533
341
98
62
0
6
57
3
9
0
51
8696
253
4175
709
1
503
5
238
738
495
610
56
39
5
171
417
54
7721
16
35
762
1
0
93
28
330
0
93
2
2
5
49
89
33
6167
3
2
34
896
6
474
26
87
470
3305
474
47
416
98
98
90
4722
8
44
1
501
89
2
6
45
7745
77
52
7
11
88
64
0
2557
9263
634
0
87
820
4109
93
712
838
269
3301
1657
80
24
0
8814
741
0
5
6559
504
4
2158
7399
0
134
9
59
651
2387
752
2602
769
1
71
1705
1780
113
1762
727
3318
19
10
437
39
1540
10
922
8720
93
2373
559
0
91
8
40
428
665
7808
8
6530
599
0
3
3
3
6
3807
56
2422
519
10
38
6
459
306
3
3789
7
51
2
64
8
5559
8
3
8919
381
487
74
613
3
5106
52
110
8
2
19
447
4
7089
4
5853
596
73
0
7941
738
1
36
8302
5344
6
908
78
224
80
71
3
2925
1521
479
51
4061
726
845
9535
6649
108
6412
3
64
6
1101
71
67
1640
2
307
626
9746
5374
6024
738
2582
825
9
9
305
313
28
80
2
73
7
260
8
193
721
3886
53
193
16
8
651
16
72
72
3358
2937
0
8
7661
0
2
9
7067
4
7
9471
82
10
3599
7
723
26
980
5174
423
10
920
913
3
10
6
2539
524
0
888
6
10
24
2
6
9
81
22
2153
67
904
94
3
259
6456
1
525
91
3564
2
83
163
21
0
4056
4
4035
740
727
45
8621
9617
99
13
8180
2
8
87
3127
231
48
3
2001
4795
7
83
62
8584
156
960
6
538
90
10
46
2
973
3
192
6
4189
9460
7
8
8
6
195
7236
9
29
2616
763
25
226
6
2335
11
63
2
404
179
4698
331
539
2
99
212
2052
388
32
923
74
52
920
32
61
7724
1603
0
94
608
11
81
7
20
5
4
29
90
10
9075
516
3494
4388
56
7
789
9
88
574
4343
7015
2
7
96
160
15
17
5213
6696
945
521
5805
970
71
6
14
1
70
96
739
4629
9962
11
29
25
765
251
3
3
6
3
2671
673
340
14
15
837
100
4577
8
101
1745
10
109
9
925
619
5122
6202
66
21
43
9
6587
123
638
66
6268
164
3182
8264
506
5486
0
383
7
3614
1010
270
10
6731
4
332
1119
5572
8
6
7934
26
5267
775
3239
690
7
10
8740
47
25
5251
2378
49
310
2512
4
3
67
9
2581
3527
36
901
236
7
18
916
80
5
4710
4
69
2
10
8572
212
1
0
873
3716
8781
189
1338
747
5
387
10
3156
5
64
1780
18
550
5
75
770
1701
469
1
80
2
71
56
21
98
227
2
93
10
11
10
3809
0
83
31
9
7861
62
8
6173
795
747
474
935
301
5854
30
9
3
39
64
1
4
2995
6080
5
815
631
487
77
0
194
9
9
77
766
83
2951
1880
5214
10
9
8
969
798
62
58
5
389
683
15
170
75
917
59
7254
7
93
6535
372
5
525
2
240
1
9583
5496
59
8368
33
4
181
6461
96
0
366
602
53
56
5
1
7432
9774
88
50
345
652
6284
3
168
77
603
432
3005
5
69
8
5864
53
5250
5320
2
93
12
10
34
48
7
6192
960
423
7
404
8055
728
8
212
60
30
1554
978
168
5402
43
745
45
7411
66
10
68
7860
10
99
7277
19
4
1
7
569
33
32
74
2
147
52
1
8
37
507
498
3
843
650
8668
2658
59
40
8
52
233
4070
2
2
530
537
2039
43
2193
6
403
1266
3909
769
2470
7208
221
7
9
3851
0
1431
487
39
57
718
537
6698
8
0
5868
623
527
484
9993
43
10
1
739
92
7
3557
8
10
3111
650
919
179
14
79
58
4
58
65
3780
28
9
5
1
83
9
176
10
10
9
512
81
64
722
5770
8634
9297
4
9
85
471
737
134
342
80
607
8
17
135
599
341
1839
4440
42
551
524
600
32
4835
13
753
632
7520
439
70
846
194
27
685
9
92
8
42
70
3
35
7
75
78
98
638
2
851
941
42
6562
2
0
59
0
4819
84
7597
4
2
50
448
12
4
663
2
25
869
9121
26
7630
63
1
218
18
5
706
3
5
4916
5
9
755
6
5810
7
368
93
6
4
4275
97
45
8575
5
0
168
1
126
6290
4
8
7697
1727
303
6
723
2
8
2
3196
5
54
5
412
4411
487
8
63
885
45
7
3
374
256
5
6433
8
53
62
10
1448
7782
872
9357
8
274
911
2
2
89
167
14
6588
6042
39
51
659
35
51
2088
489
2432
8
9306
57
222
1374
9
8
869
62
3
6550
0
9
0
7529
17
3693
2
100
185
3926
269
579
8120
68
1069
4920
2433
5
5
7
837
7009
1313
56
524
640
4760
333
8
9
46
7
7
786
48
4
9728
4817
4298
34
5813
4583
1
946
510
105
2317
46
8
1
95
10
1345
648
316
4
10
23
61
2387
912
31
8065
443
6793
49
8781
100
829
770
754
516
14
688
852
9
8
33
97
0
83
9
5
1
1374
2080
84
3
68
53
35
912
61
8
2
80
535
6
211
19
461
852
347
1611
600
8573
4
64
97
8545
538
84
10
6839
391
1070
217
784
583
6
94
76
907
785
333
73
748
97
77
2072
5211
4
419
80
802
5
235
8327
216
699
39
2231
8540
4
2636
4
16
59
69
73
92
94
8
86
9
6
65
607
6644
8706
40
3
102
3
18
5099
55
62
620
605
2
1887
6
4
6
9
432
1
64
8
6777
3753
949
40
66
562
5126
5
97
9345
2
8875
3221
285
22
1178
8
4
3727
855
0
459
57
51
5
5059
368
1693
0
161
8
975
67
1
2241
3
8
10
467
9
56
1013
4
649
1
0
94
10
2788
0
18
4
8
3458
8414
28
612
7899
0
1
2
706
8084
5987
8
8
0
6
604
79
3
9
8
58
859
9773
82
92
518
318
181
45
0
58
4334
4
33
4
9
7
7
36
7371
757
44
23
4282
74
4
31
7333
860
31
4
9
363
65
919
10
17
612
9656
2
1844
202
13
3
4
52
88
40
8661
1
68
250
250
10
10
0
9207
9314
3
198
302
10
104
5963
7
10
17
42
670
6
10
5
1
257
4100
412
491
912
694
631
0
4741
0
7
5
9
158
66
7174
657
9
6
10
918
91
681
1
4
5
511
979
6122
617
24
0
21
194
40
513
92
78
11
76
8
5120
7
1892
3
8699
7
6349
2787
32
7
845
603
5890
1291
334
87
920
2
1
0
6601
5
6
658
5853
95
5
4739
5519
7453
606
2
411
1
3
1
182
4
8551
112
2500
5
503
92
1295
2
39
76
3
1453
8513
6148
954
6
3
53
44
746
56
704
42
144
9
5646
595
10
7067
88
272
74
6276
957
690
1
7
5
40
138
457
424
3
5625
5
460
6051
1276
9767
105
10
1373
87
29
8083
4
44
4468
82
47
4
3941
0
9
44
114
87
2